      mode        phs vel       w(mhz)          t(secs)      grp vel(km/s)        q             raylquo

    0 s   13    6.265278        2.112937        473.2748        4.813339        307.1864       0.5067797E-07
    0 s   14    6.160231        2.231400        448.1491        4.664549        298.2899       0.3069105E-07
    0 s   15    6.059751        2.346384        426.1878        4.532914        288.7405       0.2113908E-07
    0 s   16    5.963804        2.458215        406.7992        4.411515        278.8332       0.3884095E-07
    0 s   17    5.872128        2.567119        389.5417        4.298391        268.8559       0.7918219E-08
    0 s   18    5.784472        2.673302        374.0692        4.193553        259.0590       0.1944668E-07
    0 s   19    5.700660        2.776977        360.1038        4.097569        249.6387       0.6331241E-07
    0 s   20    5.620572        2.878372        347.4186        4.010949        240.7313       0.5679662E-07
    0 s   21    5.544132        2.977725        335.8269        3.933922        232.4180       0.7070269E-07
    0 s   22    5.471280        3.075275        325.1742        3.866398        224.7342       0.4835867E-07
    0 s   23    5.401954        3.171256        315.3325        3.808004        217.6809       0.3431223E-07
    0 s   24    5.336085        3.265888        306.1954        3.758165        211.2354       0.4045183E-07
    0 s   25    5.273588        3.359378        297.6741        3.716171        205.3604       0.3188025E-07
    0 s   26    5.214363        3.451911        289.6946        3.681247        200.0107       0.3130291E-07
    0 s   27    5.158295        3.543655        282.1945        3.652599        195.1381       0.2617988E-07
    0 s   28    5.105259        3.634755        275.1217        3.629455        190.6944       0.3283320E-07
    0 s   29    5.055121        3.725341        268.4318        3.611083        186.6340       0.4144446E-07
    0 s   30    5.007740        3.815524        262.0872        3.596812        182.9142       0.5223100E-07
    0 s   31    4.962975        3.905397        256.0559        3.586035        179.4962       0.3708777E-07
    0 s   32    4.920683        3.995041        250.3103        3.578210        176.3455       0.3000189E-07
    0 s   33    4.880723        4.084524        244.8265        3.572863        173.4311       0.3402343E-07
    0 s   34    4.842959        4.173903        239.5839        3.569580        170.7258       0.3675732E-07
    0 s   35    4.807257        4.263225        234.5642        3.568003        168.2057       0.3971834E-07
    0 s   36    4.773491        4.352528        229.7516        3.567827        165.8500       0.4301175E-07
    0 s   37    4.741540        4.441843        225.1318        3.568789        163.6406       0.4991385E-07
    0 s   38    4.711288        4.531197        220.6923        3.570668        161.5616       0.4370432E-07
    0 s   39    4.682628        4.620609        216.4217        3.573278        159.5993       0.3985987E-07
    0 s   40    4.655457        4.710097        212.3099        3.576461        157.7419       0.3382580E-07
    0 s   41    4.629679        4.799672        208.3476        3.580087        155.9790       0.3209067E-07
    0 s   42    4.605207        4.889344        204.5264        3.584046        154.3017       0.3710815E-07
    0 s   43    4.581956        4.979121        200.8387        3.588250        152.7023       0.4230915E-07
    0 s   44    4.559848        5.069007        197.2773        3.592623        151.1741       0.4856105E-07
    0 s   45    4.538812        5.159007        193.8358        3.597106        149.7113       0.5610297E-07
    0 s   46    4.518779        5.249121        190.5081        3.601648        148.3088       0.6307946E-07
    0 s   47    4.499687        5.339351        187.2887        3.606212        146.9624       0.7186476E-07
    0 s   48    4.481479        5.429697        184.1723        3.610764        145.6680       0.8040877E-07
    0 s   49    4.464099        5.520159        181.1542        3.615281        144.4226       0.7947762E-07
    0 s   50    4.447498        5.610734        178.2298        3.619743        143.2231       0.5392274E-07
    0 s   51    4.431629        5.701422        175.3948        3.624135        142.0670       0.3465447E-07
    0 s   52    4.416450        5.792221        172.6454        3.628446        140.9520       0.2119898E-07
    0 s   53    4.401919        5.883128        169.9776        3.632668        139.8763       0.1694708E-07
    0 s   54    4.387999        5.974142        167.3881        3.636797        138.8381       0.1439466E-07
    0 s   55    4.374655        6.065259        164.8734        3.640830        137.8358       0.1095835E-07
    0 s   56    4.361856        6.156478        162.4305        3.644763        136.8681       0.1206478E-07
    0 s   57    4.349571        6.247795        160.0565        3.648599        135.9336       0.1309338E-07
    0 s   58    4.337772        6.339209        157.7484        3.652336        135.0314       0.9679824E-08
    0 s   59    4.326432        6.430717        155.5037        3.655978        134.1603       0.1043419E-07
    0 s   60    4.315528        6.522316        153.3198        3.659526        133.3194       0.1098114E-07
    0 s   61    4.305036        6.614004        151.1943        3.662983        132.5079       0.1207155E-07
    0 s   62    4.294936        6.705779        149.1251        3.666352        131.7250       0.1320268E-07
    0 s   63    4.285207        6.797639        147.1099        3.669636        130.9699       0.1497102E-07
    0 s   64    4.275831        6.889581        145.1467        3.672840        130.2419       0.1761536E-07
    0 s   65    4.266791        6.981604        143.2336        3.675966        129.5405       0.1762040E-07
    0 s   66    4.258070        7.073705        141.3686        3.679018        128.8648       0.2375218E-07
    0 s   67    4.249653        7.165884        139.5501        3.682000        128.2145       0.2282391E-07
    0 s   68    4.241525        7.258137        137.7764        3.684915        127.5888       0.2046657E-07
    0 s   69    4.233674        7.350464        136.0458        3.687767        126.9874       0.1762407E-07
    0 s   70    4.226086        7.442862        134.3569        3.690558        126.4095       0.2130521E-07
    0 s   71    4.218750        7.535331        132.7082        3.693293        125.8548       0.2671470E-07
    0 s   72    4.211654        7.627868        131.0982        3.695974        125.3228       0.2657352E-07
    0 s   73    4.204788        7.720473        129.5257        3.698604        124.8129       0.2430164E-07
    0 s   74    4.198141        7.813145        127.9894        3.701185        124.3248       0.2340424E-07
    0 s   75    4.191706        7.905881        126.4881        3.703721        123.8579       0.1666365E-07
    0 s   76    4.185472        7.998681        125.0206        3.706214        123.4119       0.1805510E-07
    0 s   77    4.179431        8.091545        123.5858        3.708666        122.9863       0.1830381E-07
    0 s   78    4.173576        8.184469        122.1826        3.711079        122.5807       0.2052023E-07
    0 s   79    4.167899        8.277455        120.8101        3.713455        122.1946       0.2327134E-07
    0 s   80    4.162393        8.370501        119.4672        3.715796        121.8278       0.2437569E-07
    0 s   81    4.157050        8.463605        118.1530        3.718103        121.4797       0.2194663E-07
    0 s   82    4.151866        8.556768        116.8666        3.720380        121.1501       0.1802420E-07
    0 s   83    4.146833        8.649988        115.6071        3.722625        120.8385       0.1583376E-07
    0 s   84    4.141946        8.743265        114.3738        3.724842        120.5447       0.1245205E-07
    0 s   85    4.137199        8.836597        113.1657        3.727031        120.2681       0.1244847E-07
    0 s   86    4.132588        8.929984        111.9823        3.729194        120.0086       0.1252850E-07
    0 s   87    4.128107        9.023426        110.8226        3.731330        119.7656       0.1272819E-07
    0 s   88    4.123751        9.116922        109.6861        3.733442        119.5391       0.1302208E-07
    0 s   89    4.119517        9.210471        108.5721        3.735531        119.3285       0.1336497E-07
    0 s   90    4.115399        9.304072        107.4798        3.737595        119.1336       0.1368122E-07
    0 s   91    4.111394        9.397725        106.4087        3.739638        118.9540       0.1303850E-07
    0 s   92    4.107498        9.491429        105.3582        3.741658        118.7895       0.1077902E-07
    0 s   93    4.103707        9.585184        104.3277        3.743656        118.6398       0.7334656E-08
    0 s   94    4.100017        9.678990        103.3166        3.745634        118.5046       0.6532071E-08
    0 s   95    4.096426        9.772845        102.3244        3.747590        118.3836       0.3100997E-08
    0 s   96    4.092929        9.866749        101.3505        3.749527        118.2766       0.2084393E-08
    0 s   97    4.089524        9.960701        100.3945        3.751442        118.1832       0.9707619E-09
    0 s   98    4.086207        10.05470        99.45597        3.753338        118.1032      -0.2726402E-07
    0 s   99    4.082977        10.14875        98.53431        3.755214        118.0364      -0.2956873E-07
    0 s  100    4.079829        10.24284        97.62914        3.757070        117.9825      -0.3196120E-07
    0 s  101    4.076762        10.33698        96.74001        3.758907        117.9413      -0.3444289E-07
    0 s  102    4.073772        10.43117        95.86651        3.760724        117.9125      -0.3704130E-07
    0 s  103    4.070858        10.52540        95.00823        3.762521        117.8959      -0.3979295E-07
    0 s  104    4.068016        10.61968        94.16478        3.764298        117.8914      -0.4373088E-07
    0 s  105    4.065246        10.71400        93.33579        3.766056        117.8986      -0.4798505E-07
    0 s  106    4.062543        10.80837        92.52090        3.767794        117.9175      -0.5378687E-07
    0 s  107    4.059908        10.90278        91.71975        3.769513        117.9477      -0.5901125E-07
    0 s  108    4.057336        10.99723        90.93200        3.771211        117.9891      -0.6389786E-07
    0 s  109    4.054827        11.09172        90.15732        3.772890        118.0415      -0.6929857E-07
    0 s  110    4.052379        11.18626        89.39540        3.774548        118.1047      -0.7404193E-07
    0 s  111    4.049989        11.28083        88.64592        3.776187        118.1785      -0.7899902E-07
    0 s  112    4.047656        11.37545        87.90859        3.777805        118.2628      -0.8418838E-07
    0 s  113    4.045379        11.47011        87.18312        3.779402        118.3574      -0.8960595E-07
    0 s  114    4.043155        11.56481        86.46924        3.780979        118.4621      -0.9526409E-07
    0 s  115    4.040983        11.65954        85.76666        3.782536        118.5768      -0.1011701E-06
    0 s  116    4.038862        11.75432        85.07512        3.784071        118.7013      -0.1075754E-06
    0 s  117    4.036789        11.84913        84.39438        3.785586        118.8355      -0.1140254E-06
    0 s  118    4.034765        11.94398        83.72418        3.787079        118.9792      -0.1207461E-06
    0 s  119    4.032786        12.03887        83.06429        3.788551        119.1323      -0.1705083E-06
    0 s  120    4.030853        12.13379        82.41448        3.790002        119.2946      -0.1790820E-06
    0 s  121    4.028963        12.22875        81.77451        3.791432        119.4661      -0.1877746E-06
    0 s  122    4.027115        12.32374        81.14417        3.792840        119.6466      -0.1960557E-06
    0 s  123    4.025309        12.41877        80.52325        3.794226        119.8359      -0.2062947E-06
    0 s  124    4.023543        12.51384        79.91154        3.795591        120.0340      -0.2158511E-06
    0 s  125    4.021815        12.60893        79.30885        3.796933        120.2408      -0.2264328E-06
    0 s  126    4.020125        12.70406        78.71497        3.798254        120.4561      -0.2379603E-06
    0 s  127    4.018472        12.79923        78.12973        3.799553        120.6798      -0.2482917E-06
    0 s  128    4.016855        12.89442        77.55293        3.800830        120.9118      -0.2599432E-06
    0 s  129    4.015272        12.98964        76.98440        3.802084        121.1521      -0.2723458E-06
    0 s  130    4.013723        13.08490        76.42397        3.803316        121.4005      -0.2847232E-06
    0 s  131    4.012207        13.18019        75.87146        3.804526        121.6570      -0.2976927E-06
    0 s  132    4.010722        13.27550        75.32671        3.805714        121.9214      -0.3114839E-06
    0 s  133    4.009269        13.37085        74.78957        3.806879        122.1936      -0.3248321E-06
    0 s  134    4.007845        13.46622        74.25988        3.808022        122.4737      -0.3398252E-06
    0 s  135    4.006451        13.56162        73.73749        3.809143        122.7615      -0.3543658E-06
    0 s  136    4.005085        13.65705        73.22225        3.810241        123.0569      -0.3693255E-06
    0 s  137    4.003747        13.75251        72.71402        3.811317        123.3598      -0.3850527E-06
    0 s  138    4.002435        13.84799        72.21266        3.812370        123.6702      -0.4013282E-06
    0 s  139    4.001150        13.94349        71.71804        3.813401        123.9881      -0.4182068E-06
    0 s  140    3.999890        14.03903        71.23002        3.814410        124.3133      -0.4357658E-06
    0 s  141    3.998655        14.13458        70.74847        3.815396        124.6458      -0.4541260E-06
    0 s  142    3.997444        14.23016        70.27327        3.816360        124.9855      -0.4726705E-06
    0 s  143    3.996257        14.32576        69.80430        3.817302        125.3323      -0.4920603E-06
    0 s  144    3.995092        14.42139        69.34144        3.818222        125.6863      -0.5116745E-06
    0 s  145    3.993949        14.51704        68.88457        3.819120        126.0474      -0.5318925E-06
    0 s  146    3.992828        14.61271        68.43358        3.819996        126.4154      -0.5527247E-06
    0 s  147    3.991728        14.70840        67.98836        3.820850        126.7905      -0.5741468E-06
    0 s  148    3.990648        14.80411        67.54880        3.821682        127.1724      -0.5963700E-06
    0 s  149    3.989587        14.89984        67.11480        3.822492        127.5612      -0.6192780E-06
    0 s  150    3.988546        14.99559        66.68625        3.823281        127.9568      -0.6429035E-06
    0 s  151    3.987524        15.09136        66.26306        3.824048        128.3592      -0.6672938E-06
    0 s  152    3.986520        15.18715        65.84513        3.824794        128.7684      -0.6925183E-06
    0 s  153    3.985534        15.28296        65.43236        3.825518        129.1842      -0.7181936E-06
    0 s  154    3.984565        15.37878        65.02466        3.826221        129.6067      -0.7446443E-06
    0 s  155    3.983612        15.47462        64.62194        3.826904        130.0359      -0.7720305E-06
    0 s  156    3.982676        15.57048        64.22411        3.827565        130.4716      -0.7999782E-06
    0 s  157    3.981756        15.66635        63.83109        3.828205        130.9140      -0.8287125E-06
    0 s  158    3.980851        15.76223        63.44279        3.828824        131.3628      -0.8582408E-06
    0 s  159    3.979962        15.85813        63.05912        3.829424        131.8182      -0.8885839E-06
    0 s  160    3.979087        15.95405        62.68001        3.830002        132.2801      -0.9197584E-06
    0 s  161    3.978226        16.04998        62.30538        3.830560        132.7485      -0.9517819E-06
    0 s  162    3.977378        16.14592        61.93515        3.831099        133.2232      -0.9848628E-06
    0 s  163    3.976545        16.24187        61.56925        3.831617        133.7044      -0.1018834E-05
    0 s  164    3.975724        16.33784        61.20760        3.832115        134.1920      -0.1053747E-05
    0 s  165    3.974916        16.43382        60.85013        3.832594        134.6860      -0.1089589E-05
    0 s  166    3.974120        16.52981        60.49677        3.833053        135.1863      -0.1126423E-05
    0 s  167    3.973337        16.62581        60.14746        3.833493        135.6930      -0.1164039E-05
    0 s  168    3.972565        16.72182        59.80212        3.833913        136.2060      -0.1202308E-05
    0 s  169    3.971804        16.81783        59.46069        3.834315        136.7253      -0.1241741E-05
    0 s  170    3.971055        16.91386        59.12310        3.834697        137.2509      -0.1282281E-05
    0 s  171    3.970316        17.00990        58.78930        3.835061        137.7828      -0.1323859E-05
    0 s  172    3.969588        17.10594        58.45921        3.835407        138.3210      -0.1366474E-05
    0 s  173    3.968870        17.20200        58.13279        3.835734        138.8654      -0.1410154E-05
    0 s  174    3.968162        17.29806        57.80996        3.836042        139.4160      -0.1454920E-05
    0 s  175    3.967463        17.39412        57.49068        3.836333        139.9729      -0.1500788E-05
    0 s  176    3.966774        17.49020        57.17489        3.836606        140.5361      -0.1547783E-05
    0 s  177    3.966094        17.58627        56.86253        3.836861        141.1054      -0.1595926E-05
    0 s  178    3.965422        17.68236        56.55354        3.837099        141.6810      -0.1645227E-05
    0 s  179    3.964759        17.77845        56.24788        3.837319        142.2628      -0.1695702E-05
    0 s  180    3.964105        17.87454        55.94549        3.837522        142.8508      -0.1747333E-05
    0 s  181    3.963459        17.97064        55.64633        3.837708        143.4449      -0.1800258E-05
    0 s  182    3.962820        18.06674        55.35033        3.837877        144.0453      -0.1854245E-05
    0 s  183    3.962190        18.16284        55.05746        3.838029        144.6519      -0.1909838E-05
    0 s  184    3.961566        18.25895        54.76766        3.838165        145.2647      -0.1966529E-05
    0 s  185    3.960950        18.35506        54.48089        3.838284        145.8836      -0.2024567E-05
    0 s  186    3.960341        18.45117        54.19709        3.838387        146.5088      -0.2083816E-05
    0 s  187    3.959739        18.54729        53.91624        3.838474        147.1401      -0.2144509E-05
    0 s  188    3.959144        18.64340        53.63828        3.838545        147.7776      -0.2206444E-05
    0 s  189    3.958555        18.73952        53.36317        3.838600        148.4213      -0.2269916E-05
    0 s  190    3.957972        18.83563        53.09086        3.838640        149.0712      -0.2334786E-05
    0 s  191    3.957395        18.93175        52.82132        3.838665        149.7273      -0.2401229E-05
    0 s  192    3.956825        19.02786        52.55450        3.838674        150.3895      -0.2468940E-05
    0 s  193    3.956260        19.12398        52.29037        3.838668        151.0580      -0.2538308E-05
    0 s  194    3.955700        19.22009        52.02888        3.838647        151.7326      -0.2608869E-05
    0 s  195    3.955146        19.31621        51.77000        3.838611        152.4135      -0.2681197E-05
    0 s  196    3.954597        19.41232        51.51369        3.838560        153.1006      -0.2754983E-05
    0 s  197    3.954054        19.50842        51.25991        3.838495        153.7938      -0.2830305E-05
    0 s  198    3.953515        19.60453        51.00862        3.838416        154.4933      -0.2907270E-05
    0 s  199    3.952981        19.70063        50.75979        3.838322        155.1990      -0.2985888E-05
    0 s  200    3.952452        19.79673        50.51339        3.838214        155.9109      -0.3066226E-05
    0 s  201    3.951927        19.89283        50.26937        3.838093        156.6290      -0.3148091E-05
    0 s  202    3.951407        19.98892        50.02772        3.837957        157.3534      -0.3231644E-05
    0 s  203    3.950891        20.08501        49.78838        3.837808        158.0840      -0.3316790E-05
